225
7
352 -474 -433 367 -492 137 294 
33
-123 421 -42 -408 -166 -298 -333 199 -163 157 399 204 157 82 -319 -467 -170 -415 -58 212 -348 94 360 -72 399 -384 138 -358 -341 36 -58 394 -184 
17
357 -208 -323 -182 412 222 26 -498 -107 368 -18 173 221 114 -445 -260 273 
80
14 -361 -407 -116 -39 386 -1 -404 175 -456 109 244 193 322 -417 494 138 179 245 216 161 -41 -262 228 -437 -368 -110 308 346 41 -475 -484 -292 10 265 -361 -247 344 -199 200 210 -81 -258 95 299 -391 -191 -41 408 73 99 -216 -441 -36 278 -6 -365 295 252 -245 463 295 -64 391 -391 238 -391 56 491 -147 -151 47 -245 366 345 421 -104 79 330 222 
21
-137 -76 253 -460 331 248 -152 184 -465 216 -236 -299 -48 125 329 -99 425 -174 398 302 450 
80
-236 377 -366 -90 362 -249 6 -170 142 -86 -401 490 89 -164 -7 39 -402 355 -53 -78 -429 474 52 -156 474 402 -372 -70 331 -216 -12 264 13 217 163 -13 -219 -224 -282 389 -124 -273 -392 265 -315 177 -475 432 -445 342 -128 268 347 -16 274 -239 -1 236 -350 432 -491 10 176 458 19 49 194 -120 154 -118 -15 -470 149 -236 170 65 -100 -292 -442 -137 
47
-87 132 231 454 -147 -321 466 -354 107 -223 128 -274 -478 159 22 98 163 -339 -81 -58 -75 -370 115 -285 -325 -161 198 -10 -423 163 160 -325 203 298 20 -342 172 386 409 -17 -182 307 -162 -295 -196 -129 9 
59
11 243 456 274 232 123 184 -104 421 393 467 409 135 465 69 14 -77 -49 -135 188 -498 -53 432 79 -249 284 141 100 -452 159 331 333 -439 160 128 -321 -400 310 -299 -163 -200 -386 490 277 -58 499 201 -301 358 -371 -450 -329 351 -494 -176 101 124 -30 433 
30
-84 -19 -445 87 -319 322 -401 150 -493 -374 -39 -278 -285 39 -90 -91 235 -116 -389 -463 -106 143 353 197 -45 318 -261 -224 258 -359 
6
263 -457 150 438 -416 15 
74
-240 -392 163 149 238 -233 115 152 -402 288 -221 -112 -310 220 233 -213 -165 -10 236 -248 -282 -397 -213 -210 -498 -270 -259 -147 327 -364 -422 76 -151 113 252 71 -128 280 -420 -282 244 -410 493 -112 -458 205 440 75 -414 3 -155 -440 490 -93 183 -79 128 71 87 397 -244 -382 227 222 -198 -23 133 435 183 338 269 247 293 133 
57
-150 -132 -11 156 60 216 323 -354 343 -360 47 20 286 -94 -406 306 200 -83 -62 387 251 -96 -142 -360 400 -178 377 379 467 214 219 -236 -353 -184 159 333 -251 92 -238 -30 343 -320 477 -287 -382 349 -193 123 62 -140 -433 328 -457 138 402 342 31 
57
73 11 -147 500 -445 246 6 398 -399 -446 -104 403 8 -172 393 -492 151 -278 400 194 -385 474 367 -445 308 -375 -243 -433 185 -254 454 -180 459 308 -106 -333 250 6 235 16 -30 451 268 -440 -2 -34 -35 -322 387 -125 330 470 123 498 -327 -371 463 
24
238 -249 -343 -427 -303 288 336 -482 295 -483 135 318 81 -10 16 -246 -152 3 -453 -399 121 136 268 -161 
77
491 98 275 333 100 430 -288 -394 -463 -476 -254 -90 37 70 200 -229 350 -290 -399 85 -436 -217 38 -367 -279 397 -371 93 481 176 -144 23 64 -495 -111 131 375 -94 117 234 -473 362 -75 353 -269 -144 277 260 276 143 -457 -40 -425 355 450 -163 -272 487 -319 -92 -296 -414 8 -79 -449 -494 -164 177 -485 -114 169 -28 -384 207 448 -126 218 
2
252 -293 
39
-207 -228 4 46 -97 238 -316 -471 216 -405 28 453 480 213 296 71 135 -388 226 242 -337 -94 -109 -283 -238 -348 229 -58 -2 199 -457 -196 426 -141 162 126 -158 -301 415 
29
-408 152 -26 -237 459 -33 54 30 413 -78 -386 -339 360 -324 -398 -497 -73 291 24 -468 500 297 475 221 -474 109 431 149 474 
35
-313 -19 -389 132 438 329 100 -133 379 328 500 144 -409 275 132 -69 405 -63 -263 116 -284 481 285 299 -371 34 -277 37 -487 44 337 199 -500 288 -61 
3
168 496 339 
64
-330 -318 17 -339 -10 -500 -302 491 141 2 220 -180 -64 -275 307 -203 -320 -262 -163 362 434 192 -200 -447 9 235 -363 -332 355 473 145 375 -129 40 -485 -469 23 -115 -187 -45 -397 440 -199 -430 104 334 -186 224 46 -475 -117 12 64 -168 -203 9 -353 -294 499 293 240 184 315 -420 
38
-102 419 -184 18 -106 322 294 -136 -455 312 -260 -183 232 360 -415 363 407 282 120 -79 127 -443 321 -142 347 184 209 -287 149 -321 130 -263 -222 -330 -13 417 383 104 
54
211 107 304 -358 255 62 -418 -10 14 -322 -88 -443 -361 362 346 -179 305 354 -390 499 -224 -458 105 -184 437 -38 -180 -219 43 334 74 -393 -319 201 -265 329 243 62 367 123 395 -397 -212 136 -36 9 -481 -56 132 -53 304 182 -188 193 
26
481 -423 -251 -121 87 303 -352 240 186 -208 -75 -242 58 191 389 -49 244 -145 -210 -347 -391 23 -334 207 -302 497 
34
248 225 -477 -147 61 -200 -483 -267 -475 55 -222 -115 -359 -152 340 403 189 294 421 -409 -391 -22 -246 -190 385 -267 264 56 362 197 303 91 -377 327 
57
-132 -391 -443 -113 -476 -104 -221 -159 -9 -117 228 72 -222 43 -294 306 138 180 0 -270 54 -414 -60 307 352 -26 -403 -329 -334 14 -342 335 299 108 374 5 498 266 296 305 306 340 -199 -251 219 0 441 -338 -377 -468 -387 109 139 263 -337 -375 322 
49
-309 -263 408 196 71 -262 -461 -292 445 -267 310 370 377 -437 -177 6 -120 -121 -85 -328 -420 359 297 367 171 227 237 350 -251 275 186 136 315 117 119 -119 149 -308 430 -138 -195 416 -357 -390 1 -135 -73 383 -116 
5
82 337 -318 175 -201 
61
-140 436 -460 -286 -485 -43 -242 216 -328 174 -312 178 -316 -467 -61 115 -199 -387 -59 320 90 101 -77 -466 10 409 -44 -4 39 475 427 36 242 301 -468 421 -455 18 40 -451 -191 19 -298 -76 -324 448 -309 -221 -327 165 -72 -239 301 277 241 -178 354 30 -203 -475 356 
37
-136 500 183 -127 -78 -333 41 -141 421 -323 -453 -20 93 357 331 -262 -300 -2 181 125 359 131 234 249 -33 -296 320 17 151 -474 74 -56 -16 22 126 -256 -27 
44
0 -210 -53 175 -124 -72 -242 381 60 85 370 -55 -19 298 4 -447 -42 -484 -158 -127 155 -179 61 265 372 -319 253 -202 147 193 -29 415 -170 238 -474 182 -440 158 147 -377 13 285 289 -374 
67
234 400 -178 -247 167 -266 -352 413 -362 384 410 -161 -372 324 -152 102 -488 489 -236 -321 478 -486 -130 474 -234 -268 -147 16 -281 -91 80 -165 -34 -372 188 367 -335 -306 -414 -455 -324 -58 89 -197 460 -26 493 216 -260 329 -118 369 165 130 -495 324 -191 9 32 -103 -57 337 -360 74 -461 4 42 
51
122 -99 -132 -478 -373 -361 -373 -202 -449 -97 -388 288 -72 375 -111 -276 -195 -491 124 398 86 232 -213 159 -166 -404 4 -25 216 188 500 289 -33 -342 441 -57 401 -392 222 -438 75 -331 128 221 -185 476 365 -490 -187 183 -413 
11
-328 207 208 -487 -354 -159 -160 331 272 275 -190 
6
10 -17 24 -16 182 -199 
15
-426 106 283 311 229 418 296 26 -298 -77 68 -472 -129 70 233 
56
410 16 -123 439 -227 198 441 -312 -145 -29 226 224 131 374 394 200 -14 -427 -122 -323 -374 -238 260 -213 -257 -485 -260 -62 -493 -150 -103 469 500 429 -97 -138 304 -236 -114 247 247 -110 -345 -381 -232 394 120 -310 425 49 -285 -431 -430 -434 -186 -244 
22
-180 -306 -426 427 -463 76 348 -354 14 301 470 -33 -43 304 326 -174 187 -273 149 -207 -127 468 
45
-15 428 -24 158 263 89 163 444 391 182 20 -240 -421 -126 -127 -295 -348 222 -215 -286 -85 -223 -325 -100 54 396 227 -481 476 459 214 -71 -27 -491 496 384 -200 67 329 -180 450 -146 259 -148 21 
68
209 286 56 -322 -215 -184 401 -90 270 -123 -402 166 391 -468 -80 278 -105 106 -367 214 -499 14 329 197 -439 -476 469 146 76 -435 175 317 28 -294 -130 327 -411 -172 -12 115 -152 -111 -401 55 -420 -244 75 470 335 -243 -52 -224 -390 116 95 -23 401 -141 191 277 -206 -147 -20 -91 -497 -427 253 493 
50
-434 78 -162 -10 177 -332 414 -188 324 460 129 113 -471 -159 -391 96 56 -345 330 -329 60 -434 316 -140 -237 -461 181 -111 -372 158 -121 313 -55 178 274 240 234 95 -235 -242 196 168 -377 365 57 -28 -26 -114 498 203 
21
-306 -179 17 -24 -93 169 -267 81 404 -188 -313 -428 -177 174 369 -108 223 428 167 484 483 
32
-70 -194 187 -417 -55 -281 34 198 -293 -375 -395 -25 171 27 -307 -78 -187 -166 -387 -6 -321 -290 321 498 307 116 -208 -417 117 321 -297 -394 
21
277 290 76 -431 -136 -221 -317 -227 -320 -229 79 -401 -325 -369 25 341 415 -217 -24 444 -127 
60
-275 485 117 356 197 385 -383 0 -442 487 -148 -183 169 -141 487 221 -220 50 327 110 -172 -128 -284 261 453 243 13 -6 224 232 223 348 228 -233 343 77 -308 -387 -381 -336 118 -391 361 -6 -308 -168 -428 380 -124 -180 488 32 377 239 -474 -429 277 496 97 -178 
44
-498 38 -349 -60 61 -71 410 -312 187 161 -411 3 -87 380 -461 -121 -347 223 -335 454 412 -429 -233 -455 421 -341 -116 -134 -296 352 -341 107 187 -286 -243 -433 -356 -447 -436 474 162 190 -417 497 
4
233 -273 156 -247 
80
145 233 256 -270 37 -177 344 252 498 416 -477 -55 393 67 -316 23 60 -94 -163 110 -226 1 336 298 -152 -349 -108 197 55 -119 241 400 274 28 -377 -399 -148 157 406 -177 -221 364 -27 56 -69 269 341 -146 -186 -478 332 243 -439 -318 -292 194 239 -389 -184 -175 107 346 223 438 165 217 95 97 -285 -104 214 -261 -455 -232 118 -388 206 -430 -31 -56 
16
77 -344 75 470 70 226 -96 2 -179 -320 419 430 -231 -42 63 321 
31
-380 -180 -317 -414 315 13 -263 -277 395 -241 438 27 -407 -324 -382 262 -350 -256 -464 -296 -433 -104 42 492 -293 495 387 -226 -33 480 -102 
12
-279 -88 -165 -295 257 242 217 90 76 -82 -397 -378 
30
283 -15 -196 -479 -131 -381 -4 356 428 -87 195 -41 -416 -166 445 -284 -50 -289 -243 498 470 7 -340 0 403 -292 353 -255 463 -295 
66
-52 378 169 -476 -478 289 65 -180 -316 195 37 271 -196 -299 182 -207 -124 -93 434 -316 149 -135 -411 259 -492 -148 385 -28 355 -219 296 -440 -449 157 231 278 -461 380 -491 -285 119 214 -456 356 249 341 -402 -500 -412 108 190 -362 454 -311 200 -228 -315 61 279 293 -99 6 158 -471 99 464 
73
-255 -497 476 349 153 -98 148 -365 183 75 10 10 179 -325 480 229 54 25 279 10 136 -93 353 81 -97 15 -246 -110 -376 -87 -481 -459 115 450 -347 265 62 278 242 490 -483 -298 -302 159 370 487 8 192 -335 -416 -280 478 482 490 162 135 218 108 390 322 484 -215 397 335 -71 252 4 -38 248 167 388 -118 -108 
45
144 489 -454 256 -414 110 -232 -105 -421 291 344 488 -166 177 214 487 23 -167 151 -286 -249 -167 -497 360 103 170 239 -38 327 243 466 371 302 52 -151 483 -39 463 488 90 -299 -47 -285 -103 38 
74
168 -495 247 92 393 171 -319 316 -20 324 269 109 229 -207 179 -77 -102 -352 -332 -132 -121 -392 -11 63 -283 -389 -382 464 -7 -78 -182 177 391 359 138 -5 114 -433 337 -79 -202 272 -223 84 79 200 447 399 416 -331 -307 243 -98 17 -90 -93 446 -466 139 108 -234 235 -401 352 -449 76 -216 259 -323 -212 -486 239 433 -94 
29
-374 111 -275 214 67 70 -481 -428 -232 -413 94 78 -352 -102 -18 -444 194 -441 -18 -77 -49 -443 60 -244 88 -149 -75 -139 -15 
13
30 -176 293 -216 -145 -53 186 -52 122 -13 -204 327 -366 
20
-201 190 -86 -92 54 -439 253 180 -281 410 225 -364 -19 -138 -462 -69 1 -76 290 178 
41
282 -457 492 462 436 -293 156 438 -348 -298 -123 324 -327 128 -284 -223 155 -395 140 -468 409 -349 -41 190 338 134 338 312 284 -362 294 186 189 -45 -194 463 483 -122 -11 -381 -180 
67
-209 45 -205 263 -486 272 393 -195 -48 -84 417 -67 -462 -480 102 -47 335 335 -7 398 -84 -98 23 459 439 149 -135 -455 143 -239 -43 325 -486 444 36 61 54 409 -479 -173 354 -208 66 -174 403 274 175 -88 88 -389 -453 202 68 -483 495 -370 -159 -71 131 -11 -186 308 181 -492 -24 -346 441 
57
97 -125 188 115 458 -267 347 341 -141 302 450 -333 -447 341 275 -214 254 -33 -15 -218 55 -193 123 270 -375 -275 -254 -313 -253 467 351 -305 -374 118 -233 320 289 -31 19 -354 -97 -51 -194 78 -139 -96 -202 462 -275 -57 -464 -359 -236 -291 46 344 -260 
39
369 487 -277 -203 -328 417 -102 343 -496 299 -338 387 140 -41 335 -150 -204 214 -10 282 42 378 -314 -308 -344 198 -232 -49 -393 481 -198 211 166 -321 -31 217 -389 45 389 
26
372 119 -169 -271 -404 69 381 -340 367 -387 -228 -363 -244 -477 -115 219 -485 120 451 -233 341 256 -61 328 186 43 
68
218 -65 -13 55 54 5 -420 372 -70 308 135 70 325 -335 -242 -320 260 462 -273 -452 -452 -47 -188 -159 -481 -183 -118 -237 471 -65 294 -61 152 446 493 134 330 -292 -103 236 311 287 155 388 280 298 -400 40 360 -229 127 124 -4 2 92 85 -39 434 -386 -105 -310 326 356 -159 -178 -226 -353 76 
71
-19 -451 -242 319 51 -92 330 252 -257 -434 -446 272 -196 495 -196 106 363 42 439 29 -378 76 -294 -143 463 -376 312 -373 -416 -417 83 -208 255 -308 -142 -415 -53 334 109 -11 205 -243 -220 253 35 -356 62 -232 461 -312 276 -480 -358 468 -218 127 -146 -33 -271 150 369 65 100 437 -375 -45 -373 -131 -382 -111 -47 
38
288 -460 -351 -317 -292 498 -417 -429 65 -269 87 155 52 297 459 151 468 458 -417 -166 -347 169 292 -479 121 438 217 -416 -463 -70 -167 -341 -207 432 213 -134 -102 -186 
18
188 463 405 -262 40 445 -295 346 -134 202 -153 482 -424 -206 338 102 -35 -34 
6
-318 -465 212 -411 -59 204 
13
-52 -103 494 -290 -339 323 -483 -187 -175 -51 -324 239 145 
68
-30 358 -377 145 129 -351 60 454 445 50 -357 -332 181 446 373 -256 1 -66 -189 -284 -353 -185 479 -348 277 474 -363 -448 -253 -108 -359 -239 447 433 10 -326 -360 -299 -72 -248 -341 194 -135 463 372 -393 -380 -337 178 -438 217 66 66 -288 276 148 147 -271 -98 26 270 -316 325 -341 302 118 -356 20 
2
200 -361 
54
-405 151 -492 468 -123 366 252 395 357 334 -228 247 -121 139 -359 236 157 63 414 -303 239 -66 -101 -225 -434 243 162 250 -17 430 -332 27 -1 339 -291 -65 330 215 -243 -145 -24 -29 87 355 136 -280 265 27 299 360 -357 8 -20 -480 
21
398 28 -373 144 72 384 -232 -345 287 -97 -99 -193 235 -191 420 -269 -295 -298 -403 239 -80 
70
323 -325 177 116 -302 332 253 -259 -113 -206 297 -237 -303 375 48 -121 -107 -245 65 98 -410 144 377 -271 74 -390 -380 -245 0 252 -203 68 -97 447 -443 -88 -175 -107 -104 -312 -488 454 -478 135 134 -151 -148 156 249 22 -292 -338 412 473 -41 482 -167 403 493 114 431 89 483 60 454 -212 -212 277 -53 -50 
73
115 -299 479 339 266 492 295 12 234 -362 287 108 435 243 286 489 -477 123 -309 225 44 -460 450 61 -139 -471 482 -30 -441 409 332 -150 -32 -207 238 24 -229 -482 385 -40 -420 -365 -247 372 -461 423 280 -474 28 197 429 -324 -431 175 -493 -478 -262 -14 -382 -46 -340 13 -132 -390 -413 -43 473 -191 348 160 261 -282 56 
62
196 -175 -141 222 359 76 -234 -127 -124 -492 0 114 111 446 -121 240 -341 -401 -290 497 -198 402 -298 129 495 466 -78 28 8 -316 -356 291 232 -194 -170 311 163 192 -46 2 400 -191 -327 66 -155 -213 -404 8 -360 -279 -344 -5 113 472 491 339 194 -280 -28 -71 448 374 
23
118 -421 -72 381 -178 482 -424 -326 264 -325 472 416 408 -499 -381 122 -166 434 -325 -62 -159 -14 -289 
72
387 -174 309 471 -193 77 150 174 -54 2 495 464 289 -104 46 396 105 -255 76 -128 445 -184 129 -185 -498 224 -496 20 -172 -186 -138 316 164 -307 -284 -324 332 -338 289 96 -159 -366 -180 -417 -296 -126 -204 38 69 -36 218 183 -321 -477 -384 -310 -316 -171 -204 182 358 462 45 133 -404 201 -355 138 -426 -149 383 360 
27
448 -33 -263 -271 413 -128 119 467 -210 -500 -226 281 -228 -236 -321 292 110 352 -331 84 -265 495 -342 -356 -142 75 425 
76
-181 -329 229 -174 459 9 211 -309 393 171 75 -301 -11 -252 -170 350 445 369 -155 328 298 193 279 -201 176 -438 22 -374 220 -64 337 -260 -313 -492 -177 396 318 -293 49 112 488 -237 -268 207 -37 -204 89 -84 162 -189 -364 -170 405 147 96 493 270 -286 -254 364 474 174 -245 460 -483 363 -76 253 250 102 113 180 -478 -228 -161 -275 
57
433 -219 -57 -308 -353 -311 -334 -397 464 -301 -183 -29 -205 275 243 117 -255 54 286 -157 -449 493 -453 -211 245 227 -455 55 236 268 288 -411 -14 159 322 71 17 235 471 -153 -63 -311 -377 180 -500 441 477 222 -178 367 -55 406 40 88 196 -160 137 
11
-6 118 -227 -453 24 -84 6 296 -122 272 -88 
20
-29 461 -160 485 429 -471 -361 202 -423 -36 61 -358 93 415 -361 -280 -322 -387 -203 -65 
19
154 -352 -404 -170 98 -480 225 103 215 -32 -344 -335 -190 402 -266 -321 331 -333 -297 
23
-377 132 326 320 -445 279 -5 -431 427 -277 88 -206 136 242 -10 168 -61 -428 -466 -320 82 -330 -463 
20
-368 391 371 -246 163 -110 -51 396 261 184 -118 410 187 -470 -299 -319 171 425 204 -98 
41
-482 223 -205 -185 -315 99 -35 207 149 451 -232 -498 59 355 229 15 460 130 -104 -168 381 67 -454 143 -449 286 185 -158 -370 -247 139 -39 353 -351 300 207 133 288 -495 -345 118 
22
460 -430 -125 -336 77 349 178 -440 -170 78 -162 128 114 -9 -119 -211 21 8 -184 229 -322 -9 
26
282 304 434 -68 21 250 234 -326 -200 -31 -175 323 307 -262 -168 -42 213 205 -368 214 394 425 241 170 -31 -43 
55
470 145 425 -186 175 50 -275 125 57 -286 -125 158 26 -311 -183 -170 364 -429 48 135 -437 -288 383 -86 118 -107 -280 347 451 442 325 243 295 -224 -55 439 -44 277 315 14 19 69 458 -355 -237 -482 -383 -12 -25 -491 42 74 -126 -452 -33 
56
172 -261 -352 -239 341 481 226 -356 -254 478 476 -451 -119 -327 -146 -326 -185 76 477 -409 -411 -378 489 -195 351 -72 -316 -268 414 -80 185 -159 217 -202 -422 -120 366 485 -412 418 -449 40 -291 -166 134 -392 -47 251 -77 219 400 157 -204 258 170 363 
18
188 342 -129 -445 363 -235 46 371 436 284 -224 -361 301 -95 62 -136 -135 216 
59
-458 -426 -274 -270 41 -468 -168 386 -420 70 -358 317 435 -326 107 -280 -478 -141 267 94 230 -171 466 53 387 -362 439 -83 -357 318 -448 -419 -481 -484 176 204 405 76 311 -148 -272 97 -288 -311 2 -474 208 -281 -286 253 282 -403 350 -348 -239 -274 -256 -136 -459 
12
65 51 -324 453 -405 -294 15 69 471 139 -167 -457 
66
30 18 -449 -419 -88 -401 -221 318 -427 232 273 353 132 -2 20 434 -270 -395 20 -210 273 481 -486 206 135 -158 -434 -88 -176 -468 448 -62 219 230 74 -427 17 106 15 432 -289 -165 146 -245 -278 145 156 -239 -85 -421 349 224 150 48 -40 -155 388 497 37 209 -476 269 230 -326 -131 50 
39
391 317 -455 -248 -467 211 376 347 412 430 423 -229 472 218 -284 -156 -215 -63 -398 -492 445 -31 176 -336 -2 -403 301 293 -354 -94 278 257 -73 46 -394 -481 -50 -198 -96 
62
-137 -451 396 239 -368 360 -171 248 111 -359 358 -234 -271 41 -155 -326 -10 481 -443 -287 -256 -416 -257 457 -174 -274 -35 -415 -139 79 301 -347 399 134 -381 -332 -313 454 -234 -330 -416 -496 -337 -133 -141 155 299 -339 -152 -158 427 -162 -296 343 -158 -393 -258 -364 174 -372 87 285 
73
-51 53 -270 49 315 -67 -263 205 59 -400 110 -202 358 54 -484 100 327 -285 -98 225 158 175 12 2 -394 18 345 -493 -407 301 -411 37 425 -389 -299 -164 -298 310 -368 119 409 -491 272 -495 -477 -298 459 171 414 484 -98 -326 433 -142 343 -256 -133 -463 176 380 -163 -181 -247 -105 407 -398 170 -200 30 -394 -312 -483 348 
43
-172 -338 -411 -481 235 -64 -230 324 -156 427 -168 -367 -320 361 172 -333 -256 -73 -280 280 257 453 264 -225 -455 -46 498 -270 -157 -497 -189 -14 -96 -127 253 -404 -247 -350 84 -380 -249 -144 -473 
45
-179 -297 -123 -9 -314 -311 -458 493 437 -387 -263 155 466 -22 -280 229 222 212 -158 252 382 -123 -318 404 -218 130 -384 -20 -64 -51 -366 420 -312 457 444 371 131 -128 -454 327 22 314 140 -17 386 
16
312 238 -457 77 -476 337 433 -125 -11 -471 -459 -39 -267 282 469 -57 
29
231 -141 -193 -94 -115 290 408 242 -444 -337 -152 359 -13 -479 14 -437 7 244 -167 -156 59 250 -266 491 -327 110 88 376 -111 
2
-50 99 
23
36 -437 -391 361 340 363 283 74 -335 17 388 167 107 -222 -497 -306 89 41 -171 253 51 -11 -494 
4
-41 225 -415 -350 
39
-195 248 49 108 -226 -468 370 274 267 -408 -380 193 446 -208 8 -331 -292 102 -484 29 -440 348 496 -189 -103 -234 132 9 383 188 422 103 217 125 -457 89 -419 -39 235 
61
48 241 316 333 -202 -22 -52 225 -388 65 -140 406 287 107 320 -208 -146 474 425 -225 137 171 281 -435 -117 408 368 382 -309 24 493 -239 -166 -171 133 90 -174 455 -300 79 21 41 -300 218 205 -347 -199 281 188 -167 -311 -306 157 35 -422 -137 -95 -20 -418 -422 313 
35
-41 -114 -318 369 -50 -403 320 41 -7 91 -398 -115 -345 -150 -191 -363 -35 -416 -316 460 -268 -140 85 448 357 -266 48 198 -431 -137 -252 223 -333 -227 314 
68
-296 113 100 131 -497 83 -249 -76 400 349 -54 490 117 35 269 443 -56 488 452 323 462 409 275 95 -116 -128 -135 -457 398 266 -351 244 -495 343 -182 -249 -341 -42 262 -308 310 145 -29 -462 -489 -276 -412 340 -170 -283 28 477 431 406 -259 439 137 366 -438 -132 -324 -36 -461 -302 48 -145 422 239 
42
114 -404 193 -444 63 330 423 -52 293 432 184 -196 75 -324 -233 74 267 274 206 -151 232 39 254 -486 -242 234 77 144 -125 425 240 409 -292 -60 110 216 -152 -233 355 -88 -124 44 
58
-397 -253 -177 -48 423 -445 98 -155 -344 -459 322 -404 -65 -176 -289 -42 246 282 -362 300 327 -288 -382 390 -254 371 64 -83 -96 164 -396 -192 341 42 401 38 -482 -141 -102 -256 44 494 -263 105 175 -168 -180 -82 395 344 172 477 -197 -408 416 395 -339 -316 
71
-266 -38 337 -309 421 -489 189 431 -67 -114 -475 294 -234 -388 470 381 -382 224 7 401 418 10 -13 434 465 267 104 251 -45 -88 442 432 -197 21 396 345 -94 -275 -191 -497 -148 -203 185 -167 -22 -130 185 -33 22 80 63 -308 -288 -109 -209 -75 -203 -167 494 37 -94 -492 478 -388 427 -385 301 7 65 -295 179 
36
115 5 -239 465 -347 385 -197 456 305 -41 269 338 471 -49 -272 -347 50 -370 -437 -179 -37 -370 285 -391 280 174 -166 314 -302 293 -37 -445 -385 12 -69 336 
49
-372 143 -370 295 91 -348 -295 -433 -310 -105 451 171 -202 134 -417 -363 46 215 18 79 -69 -466 -164 -451 440 485 204 -177 67 135 52 121 -73 -380 105 395 -78 264 -173 350 -482 -428 -283 -321 -307 -212 498 -413 373 
24
-325 178 -397 -37 -194 -432 -49 191 -35 309 166 361 93 -240 249 365 -473 112 176 440 406 -100 428 434 
18
200 422 -340 -331 211 -129 458 39 237 127 -33 -79 -87 -195 -288 -79 485 258 
75
-339 355 -380 103 -422 261 -472 -253 337 -21 56 276 -58 -335 100 113 -128 374 185 -249 -193 227 184 -108 12 475 35 75 -491 337 97 -369 363 -258 -497 481 33 -238 -68 99 182 -446 -371 -182 -281 116 -202 59 -458 -114 -462 -339 37 -249 -2 -104 372 -176 321 161 145 427 394 241 263 -297 -316 -465 433 112 -177 373 -301 328 279 
67
-193 163 -137 440 -154 27 -461 -446 -448 -9 -48 369 225 270 -282 40 -139 -319 337 269 -435 19 -411 -41 416 171 -145 -268 49 210 -276 -172 361 258 123 214 349 20 174 448 -258 169 234 250 -69 323 -128 171 201 77 130 -445 198 148 233 100 -348 -151 -307 -369 -148 319 -203 480 364 -309 -109 
32
16 -176 13 225 -177 -328 -485 239 106 -295 -195 -332 62 219 -278 -301 226 -244 275 -304 110 157 15 -456 395 -288 -290 405 -431 -407 490 375 
52
-395 -464 480 47 137 422 325 -292 78 -80 -225 -155 26 284 -150 438 244 222 -124 58 -318 450 443 -106 185 -207 69 -440 -66 196 -468 -190 473 -453 -332 -38 99 383 -14 215 106 -267 -350 -482 -276 -8 182 -238 221 494 160 -144 
42
-94 -156 236 -260 -249 63 216 -10 92 160 322 268 -246 -361 -319 -332 253 -215 446 128 -386 110 140 174 -490 -373 -413 236 297 -485 371 249 243 31 -238 -414 144 -101 -285 145 -314 -200 
65
-221 -282 -105 -118 0 428 -15 212 223 -427 -433 -462 -192 -487 142 -300 -423 280 -20 -177 394 -138 -165 223 138 -359 479 64 -115 -240 -180 -119 263 -150 -408 274 -117 -216 -71 -11 409 209 150 105 374 -107 -298 353 208 -326 -432 -59 -244 118 -419 -444 19 297 -170 40 8 111 75 -100 185 
2
-455 396 
26
420 189 -80 -89 498 109 -471 -18 289 -160 195 94 -435 156 281 -144 379 -381 109 -413 11 431 248 147 485 -26 
3
-49 216 -43 
59
-411 -294 419 79 428 -205 -177 331 56 86 314 340 -388 -57 -256 -306 -422 227 -415 213 -121 333 90 -412 43 377 -314 -45 -32 -361 423 -321 126 235 239 -264 392 -425 329 -468 -143 420 -300 35 406 -350 -479 -133 -145 -476 -127 -190 -334 -344 332 266 9 -439 138 
55
323 -125 -74 414 170 342 -183 -173 385 -107 -159 -221 17 -94 -196 255 -204 115 65 -488 -281 -385 430 -434 -337 495 275 310 -68 -238 -194 -374 -165 173 -362 282 -355 114 351 220 -482 -20 444 -43 474 -356 -16 376 -425 -327 -394 383 -219 61 -304 
3
322 474 489 
47
-194 -17 -71 -12 269 -310 -145 318 376 382 -211 -25 318 123 -131 -428 478 10 -380 -32 478 -223 241 320 19 435 137 -183 32 -136 -124 -217 -68 -88 -235 244 -407 -356 -3 -355 -302 461 -363 295 -221 -218 -492 
63
177 -405 116 5 -27 463 246 201 457 56 31 -229 395 258 -215 -233 245 47 -402 -7 251 -314 -330 160 -148 413 -106 369 -367 -262 409 -332 236 479 369 -80 -261 412 292 -268 484 -271 360 66 216 -111 -40 -40 -276 -164 -266 -498 419 262 -126 318 383 -484 -420 -478 26 418 477 
36
479 -255 357 79 396 421 -297 123 -197 -260 185 -36 304 375 -205 -116 190 -257 -235 441 424 254 -7 405 146 -405 269 14 369 97 68 191 249 -33 24 -18 
41
136 -70 -60 219 -349 -410 -16 -124 180 -452 156 -171 446 -222 202 120 -399 -192 -260 -369 422 292 297 -253 429 -334 -410 255 461 130 121 -256 -152 79 -479 112 -22 -110 -221 -109 -115 
13
-104 -125 -365 -322 316 -488 152 16 209 374 -483 -262 -244 
44
451 144 364 48 28 -71 -140 238 433 440 296 -301 247 481 -65 -490 451 444 55 -336 -249 334 39 -129 -395 441 -274 -459 417 252 443 -468 -218 -235 372 16 -256 -38 288 21 411 -365 197 306 
79
-279 -31 103 -315 -94 409 373 450 -42 -238 144 -227 -173 -226 81 -130 232 338 -59 423 243 -221 122 111 -206 -105 -461 153 2 253 -438 -69 -212 -408 -489 45 -335 -497 16 133 467 76 -253 -151 46 -76 310 -360 -427 -381 -134 -248 358 44 -363 435 13 -369 -345 145 474 -477 -59 343 -383 449 -482 306 -272 451 -83 -252 120 500 -427 -124 -114 256 385 
61
-483 -132 223 266 -131 -73 -265 240 -37 322 22 -484 167 -102 282 220 166 318 -357 414 283 -78 -230 398 -123 -254 189 -460 265 -325 -231 -400 3 123 -396 308 132 -250 -370 -202 -457 -222 -85 -18 -409 300 205 299 416 -294 83 -359 -356 156 109 -8 -485 -65 -104 -148 17 
27
-436 -478 -478 91 -395 -398 423 401 378 -137 410 482 403 -97 382 -49 -36 59 370 -215 -230 167 -215 156 245 -76 101 
19
473 -9 -365 -108 -353 434 123 144 233 -12 142 -203 -129 -63 -23 47 -299 223 91 
37
388 201 56 -342 110 489 331 23 -348 -462 -73 54 -366 -275 207 262 268 306 -190 -150 495 420 142 -312 -420 269 213 81 28 -469 -70 500 -387 -300 -211 94 184 
52
34 -111 -411 -276 -426 138 -430 -328 -466 123 247 119 -322 -291 -395 231 -396 -144 341 -146 -159 328 -456 268 499 392 148 16 377 322 -190 479 -433 452 415 320 443 -265 147 358 17 407 245 -191 45 153 458 -395 163 383 300 -358 
16
-275 -384 253 259 261 338 -176 445 444 -251 -221 -7 -296 -410 -293 -107 
47
496 -105 -499 75 29 59 -218 12 -55 107 -161 441 444 388 293 144 347 419 386 -119 -429 77 -154 -183 499 406 -235 -59 363 -308 -158 227 426 39 433 -80 -327 -173 257 -155 -364 148 -482 -27 -402 -466 -53 
27
251 -184 -83 59 -391 211 -276 -330 495 -37 257 285 137 -114 -37 -277 218 -133 177 31 92 -239 -84 80 104 -212 270 
73
427 -196 125 181 376 -393 280 -97 51 145 -493 428 384 168 -32 -376 100 -413 481 410 360 -370 16 61 303 49 -359 403 -403 -331 -184 53 169 -133 -333 -335 -352 71 -178 349 -198 277 385 -290 -452 384 54 212 -458 -97 114 46 281 165 -166 433 -367 99 -73 105 -430 80 480 -227 166 206 -34 433 -471 -133 283 -373 142 
58
-169 -461 -219 294 -412 -468 330 364 -394 -205 413 421 225 -73 -485 -202 495 467 482 422 -442 -154 72 458 379 9 156 -498 -211 -256 -80 69 80 -338 409 -245 -493 170 -304 37 -483 16 126 -270 380 93 485 314 -175 379 464 -316 421 237 -93 331 -392 -415 
61
-398 392 60 297 0 -348 435 -98 -55 -332 3 -81 215 370 -1 -263 -463 412 44 -143 28 216 -16 -144 -237 146 475 2 -41 57 -451 -38 -303 -1 438 -197 471 -170 465 470 -314 318 -260 382 197 240 -301 296 404 88 -75 -155 -191 194 -171 474 408 413 -347 -210 -454 
56
427 244 -359 -28 102 -458 -383 -87 234 58 387 357 -405 -429 236 492 269 61 -261 36 243 -292 -202 103 -140 -137 213 -182 -102 283 456 -221 466 -321 -334 2 -221 193 -470 495 -50 -241 -373 344 -127 18 128 -20 -474 231 -137 335 6 -190 92 44 
73
251 421 -121 167 327 -411 296 -418 -29 122 -242 26 -199 105 185 220 197 46 -38 -87 -113 -379 -147 486 8 418 -78 50 86 -202 -387 42 69 125 -25 -25 345 337 -215 -110 -240 -2 -22 225 460 -74 -377 -415 142 -77 -186 -116 -346 -259 277 -174 -260 -50 -342 248 314 -493 -42 -200 487 -205 404 -388 -137 -171 292 372 -310 
65
114 -1 -372 -409 -62 -221 -104 -78 -106 -278 103 466 -293 160 -429 -404 -208 -437 -363 86 250 169 -121 20 120 194 249 -316 -112 266 -183 175 479 -406 78 178 77 -60 -356 288 -413 -278 -86 48 93 30 263 -129 -35 464 -284 356 -319 -459 -436 234 -62 -131 440 266 195 -316 -333 -231 39 
32
-52 -224 -256 -71 102 177 -66 420 -183 227 -64 -91 374 403 473 -224 376 -118 206 454 332 -12 124 -118 -49 420 -408 197 -229 314 -316 139 
9
-303 404 481 398 331 364 -295 113 -43 
55
-62 -392 -63 265 96 218 -19 62 -102 443 10 -462 -492 -333 -262 -308 44 334 -362 163 278 -422 -476 -457 55 394 -396 493 241 -264 471 -475 -19 410 -404 -317 -418 -50 -21 -222 271 363 -185 492 -205 -486 -172 -288 -344 -497 -104 145 415 -245 -467 
47
-488 162 -500 -469 -220 403 482 125 -490 -312 356 463 428 384 421 111 429 -498 -172 420 409 -210 -488 310 -129 -308 -117 -45 23 -85 -198 438 176 -284 103 -387 -152 461 186 359 254 -435 -432 -13 182 375 -404 
10
364 -256 -410 -114 -477 367 97 222 -17 463 
75
308 141 130 -165 281 -234 69 -122 -476 -470 -432 265 -157 -189 -162 -297 -433 165 -323 282 411 -471 439 493 374 141 -47 429 -321 -46 -359 69 310 -100 -223 -59 102 205 -352 -64 -292 479 224 -328 -313 -23 305 343 371 -269 -439 263 -201 -424 147 -431 19 294 -167 43 465 149 -266 169 457 -330 78 -351 -497 -188 -120 -294 -267 -360 -237 
69
-446 7 -29 -78 -250 -409 -70 73 442 25 -367 -295 -384 112 398 -249 -146 185 -285 332 430 180 89 -297 375 -368 -129 -470 -178 264 98 -81 129 295 -218 47 -343 227 262 464 -263 -349 -127 -363 -180 227 -392 -416 -322 23 34 458 -227 192 -293 126 -109 -150 -9 67 -145 -311 -492 347 -410 428 159 -148 -244 
56
-394 -68 -154 -160 310 8 204 100 268 320 -5 351 78 -498 213 31 404 157 -276 108 494 151 366 234 -418 -246 -66 190 -276 440 -429 500 121 -9 215 435 -406 -217 262 19 -249 11 -322 -216 -290 -139 72 322 491 313 -169 -284 -102 -328 15 364 
47
38 386 -232 313 -299 -245 -348 272 102 -424 -261 321 -163 351 42 -459 400 363 -393 -268 -17 390 -278 382 -203 459 -350 -70 -305 118 -479 13 109 -278 -457 -244 -88 -328 76 156 -465 160 196 83 -372 -254 -210 
41
-494 439 301 215 230 -465 -15 66 359 346 347 -5 -132 -89 244 -256 94 -257 -172 -230 -484 21 276 -346 -15 9 178 153 263 114 -286 -372 96 116 9 109 -191 328 -106 -158 -41 
24
-92 -239 -43 -244 364 -377 -395 8 -398 -132 489 -318 54 278 -316 134 -483 274 428 -489 32 287 -112 -169 
2
-368 312 
59
-201 379 311 -179 105 312 104 -331 279 -92 0 362 305 444 -496 195 -432 321 -177 360 451 396 458 180 -474 -495 -121 46 181 210 -88 -241 81 445 -393 269 -364 198 -167 324 157 487 -89 410 -489 -314 -440 -43 -44 238 -136 -464 142 205 -464 -42 72 432 -189 
67
-145 208 -42 255 218 -408 319 16 -336 -290 -12 -484 -479 292 -73 43 260 405 -495 287 -292 -265 491 6 218 -200 492 134 48 317 -353 48 441 200 -410 315 187 -257 -130 -349 485 -184 -147 -33 -334 99 -353 -87 254 202 359 423 -383 -318 397 -336 442 283 474 -410 398 -281 94 -335 206 496 389 
35
63 -346 -305 -418 122 -45 -500 -217 449 -216 153 222 127 -171 -273 467 -228 -272 494 165 38 -43 -197 -339 158 305 -393 177 415 347 250 -8 217 -340 449 
56
472 35 -85 -270 25 -466 10 -334 -290 40 -197 436 297 -109 -28 448 -369 74 -140 -457 -132 -423 -345 424 200 477 -18 120 319 200 325 277 417 440 193 -303 114 170 -207 -34 234 -474 217 -257 -328 499 -28 213 -428 87 -68 84 162 -386 -342 -203 
59
-185 452 -107 -397 19 206 440 246 226 -189 25 -266 292 -438 -344 127 191 -347 454 -379 247 -87 447 350 -281 422 56 -293 332 48 185 280 236 -305 175 73 -297 254 489 -353 -74 -430 385 466 -133 389 -26 -252 -330 446 23 222 -123 432 -370 381 -427 -419 354 
59
488 6 230 292 -391 -400 -250 88 210 109 152 298 -459 176 -369 191 441 296 -500 387 -455 37 -436 323 -236 176 -204 -191 -479 43 264 -228 412 458 130 315 -247 -94 323 -222 -463 -103 238 14 280 452 -458 86 -341 -416 48 263 336 -11 -420 -402 -407 -254 266 
2
375 -446 
29
-86 -462 284 105 404 158 -5 459 -162 55 -245 49 -194 -177 68 490 -370 482 -228 450 -1 -435 -288 -37 -238 357 -449 -412 120 
3
-22 200 288 
42
171 132 278 -417 -166 -357 259 441 38 -87 88 -207 -187 296 394 -299 391 358 -57 -302 -475 -209 -386 -53 423 -400 -113 344 -445 -453 -153 -196 493 213 -147 -272 303 488 126 477 111 -294 
33
284 -147 379 -285 486 453 -348 -420 140 336 3 465 38 -3 -43 290 -88 -152 472 -153 215 373 -100 243 237 -404 -213 -237 -481 90 -465 335 -405 
32
343 500 42 -282 236 -144 -436 161 459 448 405 -400 11 -195 232 -141 8 104 -365 473 -288 -41 222 -177 466 -412 -235 40 326 46 -29 -408 
33
-53 -314 430 -172 380 -474 -334 142 263 191 -430 464 -102 -57 -92 -154 204 430 -120 -487 447 4 -325 -165 -153 -487 -165 230 59 -81 199 -191 -177 
28
-422 116 -40 112 -163 -41 -92 59 -480 -22 436 -372 433 331 -174 -462 224 131 347 -95 225 128 26 109 -228 482 -292 361 
61
0 192 -315 165 -138 -460 -181 -169 206 417 -169 490 -228 217 -188 249 461 -315 6 349 -55 229 395 -342 -32 232 -471 -312 281 -7 -312 283 -79 -319 -401 -120 65 -209 148 130 -168 -87 111 57 85 -295 -245 -448 97 57 -343 -150 -375 334 -57 -194 104 78 64 377 -358 
67
-498 -113 188 483 453 221 5 47 -461 -410 -85 -446 -131 -451 446 -173 -74 -347 -449 -219 478 332 -196 -438 -37 -444 206 3 -428 433 -188 -30 137 -35 12 -447 -246 372 253 310 378 -283 453 -465 -346 247 -393 -93 -268 184 -4 469 235 -383 460 -454 -397 -30 -137 13 288 -387 116 316 -129 -132 53 
58
324 58 138 -223 47 -401 97 141 322 440 -119 470 322 215 -479 85 66 278 -200 51 -310 -307 261 -119 484 482 110 -338 -77 62 -429 226 84 226 12 315 345 -295 -374 -44 361 434 -137 -32 -220 134 -389 102 151 366 321 -227 -213 282 34 472 336 -184 
36
-72 -485 -344 8 -437 -203 35 249 -19 70 -383 474 333 -429 -252 -93 -215 -331 -286 -127 85 -433 210 276 137 -339 81 -319 -49 -468 -118 34 434 -456 82 197 
24
271 190 -489 -498 226 36 463 455 -410 -348 -138 445 18 -425 366 -369 -88 360 472 -300 290 142 -384 253 
32
-48 -17 -39 382 413 361 -482 -320 346 220 -198 -239 -228 -397 -404 -104 -101 -342 -278 272 246 -258 -362 -324 -422 -58 -311 -144 -430 385 -331 295 
76
-132 -44 132 -426 114 -70 307 173 83 -62 93 20 -234 7 -460 -485 454 0 404 -424 -157 -433 133 439 -196 321 -252 -148 -289 -4 230 -382 -111 65 313 403 -7 -216 -263 -180 302 -41 -417 87 -260 294 -55 482 -41 -347 -200 62 -367 -295 453 -65 406 -319 -171 117 185 122 -224 -29 3 -406 -290 -216 -80 492 138 187 -104 317 -143 130 
79
-373 309 -209 381 -73 320 312 -268 113 -415 -397 377 320 431 344 315 235 -446 311 192 -478 256 -214 479 -241 39 -82 114 -138 -310 -312 179 -51 468 -80 211 58 27 50 416 409 -146 -66 377 452 -174 365 265 293 83 -144 195 20 412 -208 108 386 285 142 -246 438 -143 -323 -294 26 -172 91 494 418 -277 -150 352 -221 150 -41 83 222 -236 -348 
64
345 -340 99 -433 456 -477 -170 -301 207 -181 469 -95 -242 -190 -400 -94 -340 376 -463 239 -426 -113 197 -140 -293 -58 -340 198 -293 -68 268 -93 -260 219 -249 95 332 -268 310 6 91 -100 -216 -115 -2 -263 -131 -478 483 -69 185 272 -237 469 -371 -347 -496 -197 -230 448 -84 -246 180 412 
5
471 -258 116 -119 328 
43
-300 -3 416 196 296 -2 301 215 484 423 -316 25 178 151 154 -139 100 -277 145 -234 -155 53 -403 207 -440 183 27 277 462 -268 333 -316 -156 -78 35 289 -439 60 102 281 372 -292 344 
7
-171 -373 307 456 -43 -199 -311 
12
-104 -278 300 -246 3 -50 -459 310 -486 -286 -20 -295 
32
159 -205 -73 -199 359 -314 27 -104 -136 -223 -296 -145 427 -237 -175 -361 -318 -211 -194 395 462 171 137 39 -28 -490 -255 -318 55 -291 -372 482 
46
-425 -335 218 57 -403 -145 423 247 -366 149 -91 303 -172 -235 -49 -394 -419 278 -311 267 198 -484 -169 -381 -470 32 130 444 429 -301 -152 -439 -174 -139 38 457 324 -308 -29 -21 -67 1 -332 -120 -249 182 
44
175 -433 -36 88 -464 369 437 -7 -438 -489 -430 -221 -499 256 -248 147 -399 -162 -440 452 317 295 169 -48 14 266 -335 97 245 254 364 -46 -38 -173 80 -14 -400 85 28 -2 36 -7 -227 371 
45
-485 -265 452 -297 478 88 -6 -198 -59 -30 165 -135 -201 -233 181 -380 -474 183 266 428 276 -208 3 -15 11 328 239 307 299 270 139 -359 -263 241 -302 -286 -289 -15 431 272 -364 -307 334 85 -195 
8
402 219 -298 -312 -82 275 -64 -453 
6
-119 493 -42 -500 206 118 
29
-395 91 -343 -290 480 249 84 70 -449 -252 -307 253 304 -217 392 165 57 125 -347 -284 -9 297 138 477 113 147 343 -77 222 
58
-286 -478 -216 -323 16 -298 -164 487 -22 -152 -40 -281 165 475 108 374 -21 239 -328 415 -339 -455 163 -413 51 255 94 367 -415 341 -31 32 194 276 -492 412 -37 154 -125 433 -384 370 226 72 42 34 374 95 357 -220 -409 -231 275 -229 296 -463 -51 303 
61
260 183 443 228 -355 499 112 -162 -294 386 -148 420 130 58 163 -264 -113 56 -15 -86 -44 356 -58 -348 126 -282 371 377 -428 416 -268 -410 -258 367 108 -127 51 146 133 -348 -300 113 -36 418 -347 -325 -23 371 -349 142 -30 -65 -205 445 304 -285 29 -309 -33 315 211 
36
193 396 -338 -487 268 437 -425 -243 187 -414 -68 446 35 -58 434 471 -163 -437 45 -353 -464 294 12 398 -16 -73 279 362 236 143 6 -93 -180 226 -468 1 
38
-159 -100 -472 136 -229 -127 421 -66 252 410 495 -280 238 207 454 -180 -25 -489 -168 -207 460 281 -159 295 -449 -192 -441 229 150 327 152 352 400 477 496 59 -111 -76 
45
-300 -268 -390 -101 -382 139 417 -149 336 -380 -178 -63 344 241 168 446 -422 -116 -438 35 -483 262 156 -243 305 -392 -150 266 -218 -91 418 362 -39 -312 101 411 -469 -26 147 -132 -289 -211 239 5 205 
77
-263 230 -361 142 451 113 64 207 328 -184 76 -438 -402 -182 -386 296 -118 -94 458 285 243 -138 -320 2 -197 -261 -42 435 95 171 -311 -28 -282 455 -63 185 282 -323 196 123 -392 -201 -34 -461 70 -89 140 -201 249 -14 -426 -127 -38 394 -233 36 455 -359 -67 -370 76 141 -406 -106 -494 59 255 326 99 390 253 438 168 -146 393 475 233 
25
-102 -70 -358 -330 20 194 14 -486 -229 382 -365 223 -389 376 377 197 -4 70 224 -20 -249 -2 -428 78 324 
76
-160 395 417 -102 -172 390 -296 -251 120 -498 -328 115 -344 44 -112 102 11 -131 347 58 282 -276 -345 -191 -138 100 233 -234 -126 82 -21 288 -79 -17 -316 54 -106 282 327 -187 -330 -297 -267 -313 241 -95 -202 -452 -23 376 -393 -280 -153 -52 140 179 -390 -493 355 378 -260 114 -464 -209 108 445 487 -217 -235 -9 75 -35 -318 227 -217 -175 
2
-405 458 
78
328 -194 -24 -206 219 -68 -28 -468 119 25 358 -296 471 -14 -205 365 -441 285 434 -151 -127 268 -54 70 271 -498 46 97 137 187 40 469 -211 -364 418 107 317 -215 156 249 438 156 -345 11 194 -441 304 284 -166 -255 312 -70 416 -96 216 17 -47 -366 334 -481 -355 121 202 496 20 79 214 -335 -117 251 -29 -7 -452 137 -15 11 278 61 
78
115 -313 478 492 -429 156 -203 -358 -15 176 198 -431 179 -246 146 -124 -322 -393 -450 88 76 -36 -357 -347 -77 366 148 -276 -252 -290 28 261 -293 -459 -333 459 -31 -317 -317 -273 377 318 -493 324 -127 -161 117 -52 222 336 -322 -182 128 -99 -145 -289 486 -4 -161 104 453 253 102 11 409 13 -356 78 241 93 -393 461 -318 -46 -183 -249 -472 308 
71
-419 -122 392 -442 91 267 -400 353 139 151 -47 71 -267 10 227 28 144 117 -350 8 329 -104 -427 -279 -160 -384 59 324 -84 195 397 -343 157 425 421 229 181 -464 3 233 412 -324 -60 172 -400 432 255 332 413 -42 405 -233 308 305 -391 -457 82 183 -193 225 202 -156 113 -134 67 133 206 202 -262 -309 141 
16
-248 -424 -139 -322 17 118 -480 172 55 142 421 -332 223 -451 254 106 
51
-326 299 -340 -361 368 -446 240 -343 91 -8 -277 61 349 -184 -440 131 126 19 69 465 -79 -493 282 -416 106 305 -337 -336 -425 323 -394 -242 141 305 -288 371 -484 119 301 79 -121 217 188 -499 -483 -340 76 -266 150 -351 -441 
22
288 -2 234 -3 -426 -465 -86 72 456 -270 -243 -373 390 54 199 -345 -302 -26 -63 173 368 460 
6
-415 125 337 -414 293 499 
5
305 -419 322 -132 175 
43
296 318 51 264 -293 -314 -361 435 46 178 -119 -399 243 -357 -182 -474 183 19 324 -309 -244 73 -144 489 250 -23 199 -3 311 232 92 73 -429 256 -88 -90 -285 436 -297 132 -34 -25 -482 
79
-400 156 -18 269 241 71 142 44 -147 -75 -40 487 -173 66 -188 -325 138 -439 -457 -64 -334 417 278 326 -486 -213 -88 -109 -447 -268 21 -126 -117 370 305 -313 215 -222 -480 251 47 455 77 -7 -381 405 453 -328 137 365 -275 285 -339 2 -70 408 62 112 131 -370 -24 346 -436 -478 -147 -32 -25 405 330 442 -53 298 358 -422 -305 402 305 150 -369 
57
-231 446 -391 323 398 -60 61 -36 442 345 266 15 -316 434 -1 270 -335 143 -452 205 305 -442 -149 21 196 -280 -63 -351 -156 -142 -194 108 353 173 -460 -266 -263 -440 -134 -139 127 -74 -405 -278 -376 20 -85 329 131 442 -112 410 -117 -180 -336 -365 96 
7
-296 361 -37 280 167 -28 190 
38
434 -46 97 125 483 401 -225 182 440 382 -440 -149 -159 -236 186 -85 -36 91 -376 57 493 209 312 -320 268 437 404 -371 114 478 -356 -140 -218 425 -144 -176 255 -60 
46
149 20 -363 485 -453 -219 18 -50 444 320 272 51 86 182 -80 159 161 473 -210 467 -273 -278 -480 -200 315 181 280 476 46 261 -252 -304 17 -194 -388 205 453 -322 176 -64 471 338 -10 240 -400 -484 
27
-65 -222 -467 23 -59 382 -402 -151 333 -63 64 459 -89 -155 -5 -57 239 -316 -304 -291 25 313 213 -354 251 -261 -24 
11
-446 -248 492 440 268 -23 178 12 -359 71 -34 
70
104 117 441 -412 140 -59 479 492 -246 -63 104 17 270 71 7 -254 -18 290 -442 445 -149 358 -166 448 -30 296 300 384 406 -328 112 398 368 77 159 -427 428 -486 -381 273 385 -199 -189 169 -447 70 420 112 -188 -274 -278 195 275 168 218 321 -17 -428 -166 -19 -112 55 -62 -50 -498 -462 -94 64 -200 149 
16
483 397 -339 175 12 -488 -357 487 -444 346 -312 -60 -433 -6 392 -481 
6
164 -323 295 -341 442 -307 
16
192 -194 321 -56 401 -433 -379 29 229 -289 405 -345 -121 -460 -268 -20 
